    aw(56,41,810,42,7);
    aw(222,39,222,333,4);
    aw(813,38,618,219,3);
    aw(810,41,810,508,7);
    aw(623,77,600,122,3);
    aw(466,91,418,138,4);
    aw(484,92,465,92,3);
    aw(485,91,509,114,3);
    aw(345,112,317,121,2);
    aw(350,113,363,121,3);
    aw(489,93,522,132,4);
    aw(604,118,579,133,3);
    aw(324,117,294,146,4);
    aw(362,126,378,138,4);
    aw(523,133,581,133,3);
    aw(375,138,418,138,3);
    aw(147,148,99,254,8);
    aw(295,145,295,159,3);
    aw(146,149,193,254,8);
    aw(352,180,551,180,3);
    aw(552,180,552,509,4);
    aw(619,219,759,219,3);
    aw(98,253,194,253,6);
    aw(470,258,394,334,3);
    aw(621,301,764,301,3);
    aw(701,301,701,509,4);
    aw(222,334,396,334,3);
    aw(471,335,394,412,3);
    aw(156,411,57,510,4);
    aw(155,412,395,412,3);
    aw(810,507,56,507,8);
## generated walls! ##

    aw(56,41,56,508,7);
    aw(56,41,810,42,7);
    aw(222,39,222,333,4);
    aw(813,38,618,219,3);
    aw(810,41,810,508,7);
    aw(623,77,600,122,3);
    aw(466,91,418,138,4);
    aw(484,92,465,92,3);
    aw(485,91,509,114,3);
    aw(345,112,317,121,2);
    aw(350,113,363,121,3);
    aw(489,93,522,132,4);
    aw(604,118,579,133,3);
    aw(324,117,294,146,4);
    aw(362,126,378,138,4);
    aw(523,133,581,133,3);
    aw(375,138,418,138,3);
    aw(147,148,99,254,8);
    aw(295,145,295,159,3);
    aw(146,149,193,254,8);
    aw(352,180,551,180,3);
    aw(552,180,552,509,4);
    aw(619,219,759,219,3);
    aw(98,253,194,253,6);
    aw(470,258,394,334,3);
    aw(621,301,764,301,3);
    aw(701,301,701,509,4);
    aw(222,334,396,334,3);
    aw(471,335,394,412,3);
    aw(156,411,57,510,4);
    aw(155,412,395,412,3);
    aw(810,507,56,507,8);
